% 编码单个 CTU 需要按 z 递归顺序操作 341 次，生成辅助信息方便主体程序提取每一步的操作对象
% z_ind_x/z_ind_y: 每步操作的小块坐标
% z_size: 每步操作的块大小
% rdc_ind: 每步操作得到的 rdcost 需要存储在第几个 index
function [z_ind_x, z_ind_y, z_size, rdc_ind] = gen_z_mat()
    z_ind_x = [1 1 5 5 1 1 1 5 5 1 9 9 13 13 9 9 9 13 13 9 1 1 1 5 5 1 1 1 5 5 1 9 9 13 13 9 9 9 13 13 9 1 17 17 21 21 17 17 17 21 21 17 25 25 29 29 25 25 25 29 29 25 17 17 17 21 21 17 17 17 21 21 17 25 25 29 29 25 25 25 29 29 25 17 1 1 1 5 5 1 1 1 5 5 1 9 9 13 13 9 9 9 13 13 9 1 1 1 5 5 1 1 1 5 5 1 9 9 13 13 9 9 9 13 13 9 1 17 17 21 21 17 17 17 21 21 17 25 25 29 29 25 25 25 29 29 25 17 17 17 21 21 17 17 17 21 21 17 25 25 29 29 25 25 25 29 29 25 17 1 33 33 37 37 33 33 33 37 37 33 41 41 45 45 41 41 41 45 45 41 33 33 33 37 37 33 33 33 37 37 33 41 41 45 45 41 41 41 45 45 41 33 49 49 53 53 49 49 49 53 53 49 57 57 61 61 57 57 57 61 61 57 49 49 49 53 53 49 49 49 53 53 49 57 57 61 61 57 57 57 61 61 57 49 33 33 33 37 37 33 33 33 37 37 33 41 41 45 45 41 41 41 45 45 41 33 33 33 37 37 33 33 33 37 37 33 41 41 45 45 41 41 41 45 45 41 33 49 49 53 53 49 49 49 53 53 49 57 57 61 61 57 57 57 61 61 57 49 49 49 53 53 49 49 49 53 53 49 57 57 61 61 57 57 57 61 61 57 49 33 1] - 1;
    z_ind_y = [1 5 1 5 1 9 13 9 13 9 1 5 1 5 1 9 13 9 13 9 1 17 21 17 21 17 25 29 25 29 25 17 21 17 21 17 25 29 25 29 25 17 1 5 1 5 1 9 13 9 13 9 1 5 1 5 1 9 13 9 13 9 1 17 21 17 21 17 25 29 25 29 25 17 21 17 21 17 25 29 25 29 25 17 1 33 37 33 37 33 41 45 41 45 41 33 37 33 37 33 41 45 41 45 41 33 49 53 49 53 49 57 61 57 61 57 49 53 49 53 49 57 61 57 61 57 49 33 37 33 37 33 41 45 41 45 41 33 37 33 37 33 41 45 41 45 41 33 49 53 49 53 49 57 61 57 61 57 49 53 49 53 49 57 61 57 61 57 49 33 1 5 1 5 1 9 13 9 13 9 1 5 1 5 1 9 13 9 13 9 1 17 21 17 21 17 25 29 25 29 25 17 21 17 21 17 25 29 25 29 25 17 1 5 1 5 1 9 13 9 13 9 1 5 1 5 1 9 13 9 13 9 1 17 21 17 21 17 25 29 25 29 25 17 21 17 21 17 25 29 25 29 25 17 1 33 37 33 37 33 41 45 41 45 41 33 37 33 37 33 41 45 41 45 41 33 49 53 49 53 49 57 61 57 61 57 49 53 49 53 49 57 61 57 61 57 49 33 37 33 37 33 41 45 41 45 41 33 37 33 37 33 41 45 41 45 41 33 49 53 49 53 49 57 61 57 61 57 49 53 49 53 49 57 61 57 61 57 49 33 1] - 1;
    z_size = [4 4 4 4 8 4 4 4 4 8 4 4 4 4 8 4 4 4 4 8 16 4 4 4 4 8 4 4 4 4 8 4 4 4 4 8 4 4 4 4 8 16 4 4 4 4 8 4 4 4 4 8 4 4 4 4 8 4 4 4 4 8 16 4 4 4 4 8 4 4 4 4 8 4 4 4 4 8 4 4 4 4 8 16 32 4 4 4 4 8 4 4 4 4 8 4 4 4 4 8 4 4 4 4 8 16 4 4 4 4 8 4 4 4 4 8 4 4 4 4 8 4 4 4 4 8 16 4 4 4 4 8 4 4 4 4 8 4 4 4 4 8 4 4 4 4 8 16 4 4 4 4 8 4 4 4 4 8 4 4 4 4 8 4 4 4 4 8 16 32 4 4 4 4 8 4 4 4 4 8 4 4 4 4 8 4 4 4 4 8 16 4 4 4 4 8 4 4 4 4 8 4 4 4 4 8 4 4 4 4 8 16 4 4 4 4 8 4 4 4 4 8 4 4 4 4 8 4 4 4 4 8 16 4 4 4 4 8 4 4 4 4 8 4 4 4 4 8 4 4 4 4 8 16 32 4 4 4 4 8 4 4 4 4 8 4 4 4 4 8 4 4 4 4 8 16 4 4 4 4 8 4 4 4 4 8 4 4 4 4 8 4 4 4 4 8 16 4 4 4 4 8 4 4 4 4 8 4 4 4 4 8 4 4 4 4 8 16 4 4 4 4 8 4 4 4 4 8 4 4 4 4 8 4 4 4 4 8 16 32 64];
    rdc_ind = [1 2 3 4 1 5 6 7 8 2 9 10 11 12 3 13 14 15 16 4 1 17 18 19 20 5 21 22 23 24 6 25 26 27 28 7 29 30 31 32 8 2 33 34 35 36 9 37 38 39 40 10 41 42 43 44 11 45 46 47 48 12 3 49 50 51 52 13 53 54 55 56 14 57 58 59 60 15 61 62 63 64 16 4 1 65 66 67 68 17 69 70 71 72 18 73 74 75 76 19 77 78 79 80 20 5 81 82 83 84 21 85 86 87 88 22 89 90 91 92 23 93 94 95 96 24 6 97 98 99 100 25 101 102 103 104 26 105 106 107 108 27 109 110 111 112 28 7 113 114 115 116 29 117 118 119 120 30 121 122 123 124 31 125 126 127 128 32 8 2 129 130 131 132 33 133 134 135 136 34 137 138 139 140 35 141 142 143 144 36 9 145 146 147 148 37 149 150 151 152 38 153 154 155 156 39 157 158 159 160 40 10 161 162 163 164 41 165 166 167 168 42 169 170 171 172 43 173 174 175 176 44 11 177 178 179 180 45 181 182 183 184 46 185 186 187 188 47 189 190 191 192 48 12 3 193 194 195 196 49 197 198 199 200 50 201 202 203 204 51 205 206 207 208 52 13 209 210 211 212 53 213 214 215 216 54 217 218 219 220 55 221 222 223 224 56 14 225 226 227 228 57 229 230 231 232 58 233 234 235 236 59 237 238 239 240 60 15 241 242 243 244 61 245 246 247 248 62 249 250 251 252 63 253 254 255 256 64 16 4 1];
end
